194102599190982656
194819866761510912
194819874596466689
194821468062875650
194875525284634624
194908328487436289
195648743498977282
196283846377996289
196283872227508226
196284198565318657
196285135497342976
196285192036560897
196285239264415745
196285470580277248
196287605560721408
196287850688425984
196288185179979776
196288425278709760
196288843773788161
196290372022960128
196291715009753089
196292468256419841
196292488137412609
196292527039582209
196292536338362369
196292572027695105
196292654584172544
196292693553455105
196292722523512832
196292869567430656
196293007513890816
196293046562852865
196293210937630720
196293290608435200
196293363379617793
196293396506218496
196294122242441217
196294325209010176
196294339243151363
196294366120263682
196294398445764608
196294422500089856
196294438761410560
196294455278571520
196294455341486081
196294469266575360
196294513726201856
196294573734117376
196294620659978240
196294646547234816
196294687584305152
196294707972804609
196294713744171009
196294725668585474
196294759223005184
196294780941119488
196294807168098304
196294843415269378
196294877791793152
196294889888169984
196294935685758977
196294972620812288
196295004208119809
196295060244021249
196295105466998785
196295106163261440
196295140699144193
196295204276420608
196295227894530049
196295229983301632
196295278226186240
196295356617723905
196295357154590720
196295413911928832
196295481498943488
196295484577558528
196295775880355841
196295777742635009
196295810835677185
196295849364557826
196296013999382528
196296015031185409
196296075127169024
196296297320427521
196296549649747968
196296558294204416
196296578158444544
196296581153173505
196296582201737216
196296592930783232
196296616636977152
196296647184097281
196296712338423808
196296823223222273
196296853170552834
196296909630095360
196297056531390464
196297140203569153
196297147052863488
196297160684343296
196297228137140225
196297346840141824
196297594799009792
196297664307007488
196297737170464770
196297752936857601
196297859178565633
196297865633607680
196297919404576768
196298021737205761
196298025910542336
196298138221412352
196298280475430912
196298314403155968
196298435329130496
196298481999151104
196298496544997376
196298703420669952
196298787105411072
196298824719941633
196298839190278146
196298861696909312
196298916118011904
196298980789977089
196299175707672576
196299330318114816
196299388564406274
196299411238817792
196299441345531904
196299496303497217
196299544189878272
196299548514189312
196299602629111808
196299614025031680
196299739413745664
196299808997261315
196300265593376769
196300298799689729
196300342160400386
196300404865249280
196300436309934080
196300453003272192
196300553159053312
196300695870251008
196300716271345664
196300747837677568
196300750199066624
196300750224228353
196300824668946433
196300851558612992
196300952909778945
196300963613646848
196300973470257152
196300997671403521
196301099093856257
196301099634917376
196301106488410112
196301137115230208
196301269277753344
196301299770327040
196301338274037760
196301386277855232
196301773672161280
196301801924984832
196301939556892673
196302016765632512
196302094888747008
196302288309071872
196302380537622528
196302481318359040
196302721060577280
196302757160960001
196302773501960192
196302861754302466
196302949864046595
196303044739219457
196303047830421505
196303109486673921
196303116247896064
196303335509327873
196303391692038145
196303449720242176
196303693036007424
196303694143307778
196303839719206912
196303847260561408
196303956488630272
196304066442313730
196304068233273344
196304119215034368
196304141004455938
196304246487003136
196304290569134080
196304361264123904
196304390099968000
196304529489268737
196304563698020352
196304581964214273
196304711043923970
196304766689746945
196304766991728642
196305177551179777
196305192512262145
196305480975527936
196305525447720960
196305575330582529
196305600991342594
196305651574636544
196305681551343617
196305696185262080
196305711393808384
196305763344449536
196305788568993793
196305905250344960
196305912007372800
196306023508738050
196306077279731712
196306530008707072
196306532546260992
196306587919462401
196306611218808832
196306626699988992
196306640138551298
196306644165066753
196306713165574145
196306806153281536
196306836952059904
196306940949827585
196307052463783936
196307132478521344
196307146655277056
196307181279248385
196307276502548480
196307293694988288
196307389698420736
196307897842532353
196308001035005952
196308002867904512
196308062754193411
196308147479126016
196308259035033601
196308274981781505
196308276714012673
196308284314099712
196308416493400064
196308420998086657
196308487167426561
196308573708500992
196308605069307905
196308661948252160
196308666780094465
196308775131561985
196308825601622017
196309191885991937
196309236748259328
196309247267581952
196309262048313344
196309286413008896
196309318491054080
196309395494289409
196309426255298561
196309530739605504
196309563266437121
196309710973042689
196309729671254017
196309768481153026
196309770678976512
196310055933583364
196310425128808448
196310460902027267
196310485262536704
196310563553419265
196310569001820161
196310651797372928
196310656700514304
196310657895890944
196310659347120128
196310686471692289
196310696097624065
196310825584173057
196310875324428289
196310947181248512
196311053494255616
196311374589202432
196311574040952833
196311749295747072
196311782376222720
196311827079102464
196311857940799488
196311881584095233
196311915021078528
196311984394866688
196312022676291584
196312164817047554
196312195359981568
196312206755893248
196312259151142912
196312346174562306
196312367620042755
196312442895208448
196312448591077377
196312741055696896
196312834982948864
196312866608001024
196312867778203648
196313000876064768
196313089069690881
196313184792100866
196313189812682752
196313282397732865
196313343823323137
196313423427022849
196313458248130561
196313488770080768
196313511654195201
196313561532866561
196313632269811712
196313924465995776
196314037137580032
196314329115660288
196314506039803904
196314506761220096
196314515393097728
196314531952214016
196314551237615616
196314582485184514
196314615909588992
196314625342574592
196314681340727297
196314697115512832
196314743399657472
196314786013790209
196314789767692288
196314885053882370
196314927990976512
196315051131547648
196315098673975297
196315114532642816
196315429831065601
196315503839543298
196315615240269824
196315774657372161
196315807830126593
196315893066768384
196315934129004545
196315939724201984
196316000185094144
196316430642323457
196316459918565376
196316557054455808
196316694640201728
196316763418394624
196316769286242304
196316845039550464
196316891260780544
196316958629691393
196317093044559872
196317176616067076
196317246342184961
196317296283750400
196317298326384640
196317454488715264
196317484545093632
196317787910709248
196317799902224384
196317911579754496
196318019109138432
196318054794276864
196318079926546432
196318089044951040
196318174889783297
196318198738599936
196318210763665408
196318232251080704
196318241344323584
196318302073663488
196318394981691392
196318403106058241
196318500355182592
196318508378890240
196318565777940482
196318567468236801
196318588821446656
196318624586272768
196318627832668160
196318645868167168
196318661609406467
196318724381347841
196318731608141825
196318745264799746
196318759961632768
196318776625598464
196318840454520834
196318999125049344
196319032645910528
196319102179082240
196319109368119297
196319109519126528
196319110383157249
196319112568389632
196319143530729472
196319261571039232
196319369209446400
196319393423179776
196319398288560128
196319429536137217
196319527452160001
196319618917335041
196319971847053312
196320118718988288
196320465051062272
196320495577210880
196320517307895811
196320525528739840
196320574883119105
196320576921538560
196320614611558400
196320665261965313
196320732425367552
196320734719643649
196320794366844930
196320884817014784
196321066359066626
196321090446958594
196321268377714690
196321694124752897
196321700370071553
196321765201424384
196321832918462464
196321889814183936
196321903684751360
196322001902772225
196322003765039104
196322012229152768
196322058488135680
196322113374781440
196322145582858241
196322228860751873
196322325111640064
196322372574396416
196322383940947968
196322765920411648
196322950209748992
196322993843089409
196323080761651200
196323131911192576
196323136969510912
196323154065489920
196323204963368961
196323289990311936
196323376241979393
196323382457937920
196323466910240768
196323555133243392
196323608870653952
196323646439047168
196323656572477441
196323730996215809
196323776659595264
196323980720869377
196323989579251712
196324051990495233
196324162699132930
196324284359127040
196324310187655168
196324352524951552
196324429519790080
196324447890841600
196324645702610945
196324752015630336
196324763629654017
196324769505869824
196324857686917120
196324862766231552
196325026100822017
196325034787213313
196325346042327040
196325363754860544
196325457866661889
196325461050134529
196325539101933568
196325586229137408
196325611579514880
196325793234829312
196325855872557057
196325958020632576
196326015331606528
196326020608045060
196326077684121600
196326173586882560
196326234257489920
196326470006738944
196326690727792641
196326786626363392
196326792318033920
196326804095635457
196326851612913664
196326852892172289
196326940116918272
196326971599364097
196327007460655104
196327112343420928
196327146585726976
196327256602324992
196327272112848896
196327413590917120
196327482230714368
196327921625993216
196327980518219778
196328091965067264
196328134386266112
196328178107695104
196328224454737921
196328252757909504
196328312644173824
196328435470172161
196328570866511874
196328603703709699
196328636377337856
196328645072134144
196328763972272129
196328846784606208
196328850370732032
196329255934771200
196329320631902208
196329343553769472
196329350507921408
196329361346011137
196329361488617472
196329418409521152
196329450575626240
196329454505689088
196329608164032512
196329655182176257
196329747469438976
196329943095980032
196329945620955136
196329952164061186
196330646262644737
196330652654764032
196330666709884928
196330683877167107
196330687220039681
196330689472380929
196330752416284673
196330782267154432
196330903373492224
196330925372616704
196330960139206656
196331021397012482
196331227815493632
196331249751687168
196331336317927424
196331341506281472
196331357562093568
196331624407904256
196331648588070912
196331769782480897
196332219097292801
196332242824462337
196332245588516864
196332245731131392
196332245739515906
196332258301452288
196332274994790400
196332312567357440
196332359497428992
196332385774731264
196332460290744320
196332496672129024
196332533053534208
196332597851340800
196332643992866817
196332644517154816
196333291186556928
196333315974893569
196333345381163009
196333354428280833
196333374749679616
196333382790168577
196333413756710912
196333449899016193
196333453745192960
196333562432192513
196333587145035776
196333769748258818
196333820943937537
196333869723697154
196333919442960384
196333947624493058
196334026003460096
196334055309053952
196334083519950848
196334105661685760
196334186636910592
196334249857654784
196334272414629889
196334406024179712
196334468364115969
196334520713232384
196334559657328641
196334725617553409
196334736086536194
196334779002662914
196334976571158529
196335182352093184
196335859044323328
196335863326703616
196335886659624960
196335944511668224
196335960491954176
196335982583353344
196335999767420929
196336027516932098
196336036262060032
196336038992560128
196336145959895041
196336150212907009
196336225601331201
196336258484678656
196336434880327681
196336549657456641
196336671925616642
196336799319207936
196336864494497792
196336870421037058
196336960632143873
196336965476552705
196337020551970816
196337075459592193
196337096712126464
196337172561932290
196337596337623041
196337608824066048
196337683281346560
196337733793357824
196337740667826176
196338167882842113
196338186593648641
196338237579603968
196338261868818432
196338314389880832
196338322652667905
196338355632484352
196338369658241024
196338420841332737
196338440776859649
196338511769636865
196338530690154496
196338556464152576
196338635765850112
196338685837459457
196338745744695296
196338947348111360
196339039509561344
196339068819353600
196339074326478848
196339231562539008
196339257974075392
196339333488324608
196339380674240512
196339657406033920
196339687173001216
196339882472374272
196340156175892480
196340237092388867
196340260878299136
196340277307392000
196340277819097088
196340329505488896
196340447847792642
196340478130663424
196340522942599170
196340630828494849
196340648964665344
196340685723537408
196340775024476160
196340806267830272
196340874521743360
196340900832620547
196340913646206976
196340978393686016
196341153120010240
196341222774812672
196341238465691648
196341539906125825
196341560298848256
196341648094015488
196341677034708992
196341693841281024
196341703144243200
196341720672251904
196341749025734660
196341905792057344
196342215293931520
196342227608403968
196342234902310913
196342269283020802
196342309938397184
196342677543989248
196342819240161281
196342967890485250
196343016519245824
196343033174835200
196343092771692546
196343248518791168
196343474604351489
196343726258393088
196343837386477569
196344478573928448
196344511050432512
196344599227285504
196344602989572098
196344692747681793
196344775438372864
196344789912924160
196344792484036608
196344863711694848
196344876789530625
196344913892343808
196344924277456898
196344956678447105
196344981500334080
196344993550569472
196345117869740032
196345127961239552
196345202007474177
196345323487113216
196345328952291328
196345391531307009
196345498737717248
196345523467325442
196345557118230528
196345587841511424
196345605805707264
196345619424612353
196345635434270721
196345707714715648
196345754925801472
196345821376163840
196345841848557568
196345901420253184
196345923331301377
196345995058085889
196346044152430595
196346065329459200
196346112775434241
196346193184423937
196346195667464193
196346246380797954
196346434612764672
196346442795851776
196346512819757056
196346600874983424
196346801295593473
196346902483173376
196347031743234048
196347221501947904
196347320374272000
196347334571986944
196347390733721601
196347462359851008
196347476884717569
196347485428518912
196347521612775425
196347522770419712
196347682334318592
196347711249858560
196347814362611712
196347856607641600
196347901910335488
196347918557515778
196348035301773313
196348041249292288
196348181079011328
196348441704673280
196348467596115968
196348703798333443
196348891090796545
196348963820023809
196349298793910273
196349306045874176
196349338723684353
196349349926678531
196349667649404928
196349721588154368
196349975653924864
196350084403822592
196350088476508161
196350210664972291
196350316202045440
196350406161465345
196350626672803840
196350736035086336
196350860337496064
196350964544962561
196351024460611584
196351269026279424
196351299334311937
196351355378614273
196351397900451840
196351407853547520
196351415189377024
196351577894825985
196351630780792832
196351678306467840
196351703908495360
196351707624648704
196351770069442560
196351772833484801
196351803347042304
196351807423909889
196351852655288320
196351978157252608
196352020167401472
196352055949000704
196352681344909315
196352763762974721
196352850010439681
196352956554153985
196353000795680769
196353044701650944
196353047557967872
196353250520342528
196353415587168258
196353486110212096
196353527633809408
196353717669339136
196353856614047745
196353929292939264
196354041536724992
196354566080577536
196354643880718336
196354674566234112
196354931412836352
196355135130189824
196355213026791425
196355356115472384
196355402298949633
196355416823824384
196355525779271680
196355618766995458
196355679198519296
196355690393108480
196355905686736896
196355990608805888
196356008728207360
196356303680049156
196356406692163584
196356451160170497
196356676494966785
196357116745875457
196357266579009538
196357364855750656
196357474482270208
196357509794103296
196357526403555331
196357540064411648
196357595559231489
196357730775207937
196357761880174592
196357908693385216
196358046493061120
196358072594202625
196358078805975041
196358165187674112
196358426857705474
196358446336057345
196358503911264257
196358505987444736
196358801883004928
196358867444187136
196359198404132864
196359266532204544
196359372241256451
196359714500657152
196359786755932163
196359798294450177
196359815092641793
196359866980380672
196360125030727681
196360130512699392
196360134967037954
196360299778023424
196360381302706176
196360392614739968
196360402106449921
196360450429030401
196360527444844544
196360550920364032
196360598534107136
196360615961427969
196360790859718657
196360921180942336
196361093927538688
196361388313153538
196361744543793153
196361887779266560
196361939075600385
196362014048792576
196362225315872768
196362604459982850
196362693400199169
196362721460097024
196362806394761216
196362901458661376
196363170535841794
196363299602972672
196363343139844096
196363495757975552
196363746145337345
196363978870501379
196364017760079872
196364062098063360
196364196248682498
196364396526714881
196364422032269313
196364429330350081
196364455620259840
196364587065544704
196364644288430080
196364672516108289
196364704086622209
196364724240261120
196364858491547650
196365088565899265
196365183088738304
196365222636814336
196365233885949952
196365320276033537
196365361682190336
196365733855363072
196365756894691328
196365789123719170
196365820182540288
196365846120120320
196365980430123009
196366001208696832
196366221116063744
196366286064857088
196366308521148417
196366490667200512
196366510455922688
196366605431750657
196366662054854657
196366691343663104
196366789763022848
196366830695235585
196366860051161088
196367037075951616
196367185017450497
196367236338946048
196367297177337856
196367367192838144
196367384368525313
196367989912776705
196368013354729472
196368042563870721
196368190455033858
196368256754388992
196368331522048000
196368349289136128
196368383367839745
196368514993496064
196368609335975937
196368963406536706
196369006343618560
196369015067770883
196369061104467969
196369221050044417
196369410645180416
196369547052322816
196370319458578433
196370489034293248
196370554612232192
196370649990692864
196370897811152896
196371041264730113
196371170101166081
196371212325228545
196371236253732864
196371533323702272
196371595189690369
196371965441880065
196372189254139905
196372244476334081
196372375703531520
196372389053997056
196372591299133440
196372735750971392
196372790700552192
196372797403041793
196372819142131714
196373167370018819
196373363277574144
196373426519293953
196373520903716864
196373716265996290
196373854296346625
196373889830498304
196374111600115712
196374177324871680
196374273294729216
196374414504370176
196374430438539264
196374576006053888
196374672248549376
196374697401790465
196374742738026497
196374937982865408
196374979594555392
196375066227912705
196375114219130882
196375365642502144
196375509721030657
196375598665449473
196375769432326144
196375832518868995
196375867444838400
196376113902129152
196376218143170560
196376230180831232
196376235830554626
196376265719169026
196376413002137600
196376661837619200
196377436504592385
196377586845224962
196378027532369920
196378138874347520
196378272374853633
196378499580313602
196378821228892163
196378930809286656
196379434599727105
196379919821963264
196379935533834241
196380231215497218
196380284432822274
196380424732295169
196380585340575745
196380604621799424
196380700809764864
196380717901553664
196381060114812928
196381154562158593
196381218592391168
196381300179996672
196381439883882496
196381451091050496
196381727386640384
196381905501954048
196382169143324672
196382220565479424
196382373129105408
196382377369538560
196382472752218112
196382705598992386
196382706471419904
196383261772087298
196383332563562497
196383347759529984
196383411374530560
196383473529917440
196383681449955328
196383870973784065
196384027400339458
196384102537101312
196384202567061505
196384228731129856
196384467907129344
196384469924577281
196384559019995137
196384646202798081
196384652871729152
196384946267492352
196385050529509378
196385254523682816
196385540910759938
196385756133064704
196385780443267072
196385798617182208
196386326956875776
196386502719180800
196386535531220992
196386640095215617
196387284591984640
196387399742406656
196387472370962433
196387563731304448
196387674079244291
196387735546773504
196387817620910080
196388043706474497
196388081622986753
196388083460091905
196388124165808130
196388275836035072
196388320970948609
196388390596386816
196388390734798849
196388474566348800
196388494334111745
196388740191617024
196388975957655553
196389026499002368
196389048565235712
196389201053364224
196389282846490626
196389373489582080
196389548077498369
196389801438625792
196389829343322112
196389831629217792
196390166481473541
196390228481671168
196390317082161152
196390732444082176
196390735354937344
196390744712417282
196390756624240640
196390930742394880
196391006864818178
196391206429790208
196391226713444352
196391313673961472
196391428161679362
196391570050793472
196391584718262272
196391662321274880
196391773289975809
196392296495841280
196392500200615938
196392507301564417
196392719243935745
196392843558924288
196392860407443456
196392937221922816
196392985896828928
196392991500410881
196393039416135682
196393112405413888
196393225316085760
196393248380567553
196393274511065088
196393343448657920
196393504493150209
196393633132462081
196393759490052096
196393807770693634
196393829593661441
196393869942849536
196393957595414529
196393991237943296
196394469464088576
196395156679823360
196395249621401600
196395296505339904
196395341405356033
196395350708330497
196395350855139328
196395531117924352
196395557579800576
196395580937875456
196395603259953153
196395611845689344
196395691466170368
196395745094549504
196395754166824960
196395778909016065
196395899717562370
196396022979756032
196396139812102144
196396164264902656
196396182271041538
196396206866440192
196396395983421442
196396714440130560
196397089612247040
196397141646782465
196397234521260033
196397257535401984
196397294025842688
196397474611601408
196397525404626944
196397656455659521
196397670363967488
196397681223020546
196397694590255104
196397901562392577
196398052175654912
196398156240535553
196398168051691520
196398182949851136
196398575805145090
196398591068225537
196399153042042881
196399159606128641
196399299360342016
196399322038927360
196399561877618688
196399777783615488
196399783391395841
196400202318479361
196400529872662528
196400568128901121
196400771019980800
196400848790765570
196400856961265666
196400919838064640
196400975311933440
196400998435135488
196401076671479808
196401094556008448
196401118706802689
196401189464715265
196401194804056064
196401211912626176
196401219151998977
196401504834433024
196401646937456640
196401836629045249
196402084248162304
196402178901016578
196402250611036161
196402292637970432
196402351865724928
196402362112409600
196402635140640768
196402729290182657
196402861033259008
196402873750388737
196402977056096256
196403260209377281
196403724804046848
196403823407923201
196403930920525824
196403966660194304
196404015301537792
196404281652424704
196404570723856385
196404577208242177
196404853851951105
196405175647346689
196405245729980416
196405741085655042
196405840088023040
196405948816949248
196405967263502337
196406463709708288
196406550804447233
196406684581773315
196406733390888960
196406743033585666
196406787602255873
196407058050973697
196407110840496128
196407134211153920
196407165437743104
196407215362547712
196407280537833473
196407472498540544
196407552299372544
196407701855666178
196407710621773824
196407722332262400
196407730754420737
196407818755112960
196407869837545472
196407874132512768
196408183722479616
196408212814184451
196408224604356609
196408317856325632
196408329550053376
196408515571613696
196408572786118656
196408585775878144
196408685243793409
196408821302833152
196408919063666689
196409194335830017
196409247112761344
196409546292477952
196409960236711936
196410160011427840
196410186049654785
196410454761934848
196410491227222016
196410494586851328
196410649109217280
196411140270600192
196411178484895744
196411441434210305
196411753947598848
196411983808053248
196411989378084864
196412004758597632
196412039399358464
196412101223387137
196412320526770176
196412417557790720
196412442845265921
196412450860576769
196412560977821696
196412666561044480
196412698475495425
196412745216835585
196412950305718273
196413012003917824
196413103523635200
196413167193169922
196413245374992384
196413407216414723
196413417135947776
196413616050814976
196413757931520000
196413875409793024
196413954401107968
196414053164396544
196414075691991040
196414207787401216
196414678052782080
196415399364005888
196415852617269249
196415967868354561
196416665850875905
196417063844192256
196417546637934592
196417761247899649
196418251058720768
196418615984144384
196419553549488128
196419683413532676
196419797490204672
196419979971801088
196420056375234560
196420101103296512
196420187321409536
196420280845991937
196420308805234688
196420516310024192
196420928043880448
196421008721326080
196421183774785537
196421347843387393
196421491439579136
196421495776489472
196421575535366144
196421616056541184
196421620783525888
196421623153299456
196421683035377664
196422054252253184
196422895566729216
196423041809518592
196423092397027328
196423273712590849
196423337772195840
196423386958790656
196423666794373121
196423850366484481
196423872126521344
196423923569655808
196423947628195840
196424073360850945
196424142743023616
196424345432756225
196424466027388929
196424629164843008
196424904952918016
196425304292593671
196425367408476161
196425471729209344
196425597474439168
196425717846773761
196425740030447616
196425838646923266
196425938332942337
196426006444253184
196426245490221056
196426380538417152
196426598076002305
196426805379477504
196426819455553536
196426905442988033
196426968193961984
196426987768774656
196427077841465344
196427229763354625
196427422437081088
196427582332350464
196427854689476608
196427912889647104
196428011149598720
196428163952279552
196428417158230016
196428443678801921
196429657430704129
196429668784685057
196430065981063168
196430226950078465
196430545394216961
196430850068451328
196430923296813056
196430936475308032
196431171205345281
196431599460560897
196431779962421249
196431953031987200
196431961454149632
196432075111411712
196432156585754624
196432659843514368
196433124958289921
196433877546438656
196434114201653248
196434325712019456
196434327461044225
196434551503978499
196434617073532930
196434768416616449
196434881310494720
196434955285438464
196435572997365760
196435675485179905
196435999704891393
196436539390164992
196436769028313089
196437111845556225
196437767520141312
196437859085983744
196438386179969024
196438396875456515
196438570280562688
196438636932235264
196438643596988423
196438873553899520
196439358834872320
196439529962475522
196439876307132417
196439958075092993
196440373667708928
196441052171874304
196441224062844930
196441236880621568
196441500681375744
196441642780196865
196441767669800960
196442025715961857
196442121744556032
196442122029768704
196442661492768770
196442730468098049
196442850110611456
196442972064198656
196443181099917312
196443418916958210
196444073937223680
196444268171247617
196444564570124288
196445257162948611
196445904822218752
196446363289006080
196446475692163072
196446592096673792
196446731808931840
196447314963992576
196447611916533761
196447643222818816
196447678492721152
196447769576222720
196448082827816960
196448348838952961
196449503996428288
196449525685174272
196450100413874177
196451199279575040
196451461914308608
196451957521661952
196452055274110977
196452770973356032
196452954776141824
196453382028926977
196453504095752192
196454594853863424
196455676401287170
196456454381772800
196456532706209793
196456830258515968
196457281276219392
196457410729222146
196457905883594753
196458039719628800
196458113249980416
196458404250791938
196458486610145281
196458551865131008
196458933542596608
196459531998461952
196459568904146944
196459792997429249
196460413897023488
196461325440921600
196461392344252416
196461577166266369
196461872919220225
196462050891927552
196462328454197249
196462582087942145
196463175137366018
196463775308713984
196463835572473856
196464546288910337
196465716742991872
196466024789450752
196466096180699137
196466409272909824
196467291632832512
196468436841406465
196468874995179520
196469219540471808
196469446758510593
196470164806582273
196470183244726272
196470488359378944
196470514364059648
196470776780697600
196470792085708800
196471502470774786
196471520858607616
196471649414029312
196471995527995394
196472802214297600
196472950730391552
196473444588716032
196473769760522240
196473811502239744
196474456980459523
196474982845530113
196476610176753664
196478920760098816
196480360790503425
196480730858131456
196480815528554497
196484114180878336
196484424815226880
196484551273488384
196486278563364865
196486902227017728
196487570966843392
196488198057230336
196488332765704192
196488584755290114
196488974359986176
196490767580139522
196491640460935169
196492029621047298
196493176209539074
196493257465806849
196494024465584129
196495387597606912
196495690023698432
196497743315861504
196500065546801153
196502939089645568
196503221127225345
196504873313898496
196505695129042945
196506444693127168
196512067472211968
196514006285037569
196515413696331777
196522349284163585
196538677776748544
196542461227708419
196542878024089601
196542890149806080
196543405101289473
196555694516867072
196555695368314880
196555696504963072
196555696525938688
196555696593059840
196555696622407682
196555696886648832
196555696957947904
196560970431213568
196561905425461248
196563782733004801
196567751756759040
196568871442984962
196569453054525441
196570734800273410
196578411018321920
196578425157320706
196579879804878849
196580736793448448
196580817512837121
196581275878961153
196581882635362304
196582195090046977
196582303986745344
196583378559045632
196583796429172737
196584162898092032
196584180551925761
196584799366950912
196585424431480833
196585626907312130
196586178466684929
196586722019131392
196586899043921921
196587681432608768
196588757586157569
196589112386519040
196589415458541569
196589780480438273
196589903222554625
196589911162372096
196590186958815232
196590673825243136
196590843103162368
196591170707652608
196591379198132224
196591686867095552
196591750490501120
196592187461476352
196592343158231041
196592384686047233
196592597718933505
196592717583753216
196592782595465217
196593056697425920
196593525654159360
196593548609589250
196593709469532160
196595922715688960
196595972388831234
196596010502455296
196596878765338624
196597349420773376
196597738744446976
196599105408086016
196599142993244162
196599151155347457
196599418433187841
196599720825729024
196600133511692288
196600779208015872
196602809083367426
196603701929062400
196604709342154753
196605785747357696
196608846666534913
196610007561797632
196610652754817026
196611400972513280
196612148544282624
196612248934944768
196612595178942464
196612882295832576
196614162149937153
196614330609963010
196614736660541443
196614837189607427
196615505413554176
196615559213875205
196616004242116608
196616104741834752
196616107937890304
196616812107014145
196617399775137793
196617400920195074
196617908389019648
196618999767900161
196619596797706240
196619989472657409
196620239469940736
196620433582338049
196620687413231616
196622239960023040
196623299483144193
196623299520892928
196623300636577793
196623365740576768
196623381112696833
196623381343379456
196623631617507328
196623632120819712
196623632334733312
196624526937829376
196625241676591104
196625279756673024
196625740014428162
196625787569451008
196626341418909697
196626584155852800
196626584277495808
196626584336220160
196627583763365888
196627583809490945
196627583960489984
196627599924019201
196627791440130049
196627821748174848
196627902954090496
196628162787020800
196628162912858113
196628163051257860
196628261940371457
196628445445357570
196628684948516865
196629030882123778
196629550099202048
196632089699958784
196632355631398914
196632574112694273
196633173575221248
196633194056003585
196633478211698689
196633600832176130
196635194143412224
196635255560605696
196635412427575296
196635819002429444
196635948811943936
196636147617763330
196637355065618432
196637523466924034
196637557931511808
196637616228147200
196637783090151424
196637944264663040
196637994613084160
196639685748064258
196639800961409025
196640474352721922
196640826380656642
196641847798542336
196642172123090944
196642268952805376
196643295236067329
196643956942049282
196644418848169986
196644427094179840
196644818070405121
196645094986743808
196645184619024385
196645300339884032
196645456145678336
196647048659992577
196647265018970114
196647704271667201
196647844239781888
196651877402820608
196652061155266560
196652286754308096
196652769690652673
196652774522486784
196652985076559873
196652992194289664
196653070220918785
196654348674154496
196655393894699009
196657116759605249
196657241670172673
196657915355074561
196658298475380737
196658539572379648
196659023876071425
196659157913444352
196659340466331648
196659752619614208
196659947470204928
196660061324582912
196660118497132545
196660400828325888
196660422395437056
196660597826404352
196660768190644226
196661803101593600
196661863847698432
196661898836582400
196662005317369858
196662232493465600
196662455697547265
196662796551856129
196663408593088513
196663555662151680
196663602806136832
196663643880960002
196664073960685569
196664169775378434
196664298418868224
196664510646468608
196664666720698368
196665010716545024
196665389856473088
196666003529285634
196666079450382338
196666094625374209
196666920592867328
196667062146445312
196667606797783040
196668127256395776
196668222991384576
196668604673036288
196669411862642688
196669989976154112
196670648167309312
196672741074677761
196672777401544705
196673096227373056
196673653717479426
196673955841576961
196674789933461505
196675584737280001
196676136300843008
196676747205410816
196677244024918016
196677898340548608
196678002640297984
196678306857357313
196678564932886528
196678625242779649
196678974385033216
196679346910531585
196679635600277504
196679908406214657
196681347195092992
196682015515488256
196682993769775106
196683854814261249
196683994031591424
196685140351651841
196685221586944000
196685350414987266
196685386653769728
196685504698265600
196685562407682048
196685606389153792
196685658729873408
196685676694089730
196685834840322048
196686768584667137
196686988995330049
196687038030954499
196687114438590464
196687385206063104
196687761326092289
196688456003497984
196688480632451072
196688739223867393
196690601213833216
196690858517602305
196690887403778049
196691044560146432
196692579679608832
196692863357165568
196694730040549377
196694849125228544
196695231880634368
196695308074356736
196695308829339648
196695743367610368
196695828071583744
196696710083379200
196697537682477056
196697625670586368
196698527521452032
196698528192544768
196699152657301507
196699180394233856
196699263022010368
196699317623463936
196699782515924992
196699951718342656
196700104898514946
196700288252526594
196700950893834240
196702094277885954
196702366890856448
196702406724169728
196702665596600320
196703381987934208
196703419417890817
196703567044812800
196704639700303872
196704883628441601
196705964035022849
196706074445873153
196707373023375360
196707510051287040
196709790230118400
196710103309754369
196710613051904001
196710633121660928
196712243830857728
196712370599493633
196712621901221890
196713065159458817
196713819723137024
196715972806184962
196716665155764226
196717409690849281
196718253534490624
196718710545850370
196718906155614209
196719144907964418
196719409367236608
196719717476605952
196720053088030722
196720515216441344
196720637719482373
196722556949114881
196722643674738689
196722697940643842
196722706421518340
196724017305100291
196725005617332224
196725474519556096
196726810749304832
196727401508642817
196728093010964480
196728117094653952
196728521308123137
196728542426443776
196729666340528128
196729989239021568
196730180092444672
196730530031607808
196730740157845505
196730808856358912
196731054567075840
196731257038700545
196731330896216065
196731606638133248
196731846606856192
196732817273651200
196734934755446785
196734970784530434
196735936116166656
196736588263337984
196736881063510016
196736953352339456
196739340272013314
196740174762360832
196740988402806784
196743639475552257
196743989251153920
196744064165625856
196744273234886656
196745220312924161
196745697880584192
196746670325776384
196747212577980416
196747319436247040
196747758298857472
196747824594042880
196748070967447552
196748591027589120
196750228022501376
196751683760553985
196751927118274560
196752890306633728
196753070183550976
196753480545869824
196753543322017792
196754048379138049
196754481881423872
196754530036224000
196756091193917440
196757234410201088
196758509763833859
196758890732457984
196759373421359104
196760645549563904
196762139023773696
196763877621501954
196764004641812481
196764062498045952
196764544285151233
196764691404554240
196765324836745216
196765747643547648
196765984575602688
196766838678503424
196767503320498176
196768287055556609
196768714916495361
196769582571208705
196769600027885569
196770345594793985
196770604295274497
196770898332762112
196771535724355584
196771628070338560
196771640091226112
196771658722328576
196771943242932225
196772557498748929
196773017865555969
196773193766281217
196773271277015040
196774349477396483
196776043921678336
196776414547161090
196777671613620224
196778087801823236
196778299391873025
196779097572126720
196779601408704514
196779737606127616
196780123637301248
196780305376477184
196781365369389056
196781495568957440
196782184571473921
196782185490026498
196782185720725504
196782185821380608
196782186010124291
196782186026905600
196782186970619904
196782187297783808
196783333882085377
196784604294807552
196785378294906880
196785529486966784
196785924003217408
196786862302572544
196786903629049856
196787017550528513
196787065067814913
196787432899883009
196787471072243713
196788341323214849
196788591047876608
196788744773316608
196789455959494657
196789995577679874
196790146295808002
196790146371293185
196790197827026944
196790197835407360
196790201715130369
196790391603855365
196790835742904321
196790935978381312
196790964726153217
196792340097155072
196794810756116482
196794954595565569
196795197189922817
196796505951178753
196796623332966401
196796630371024897
196798265054859265
196798888248741890
196799421852291072
196799647384223745
196799955116109824
196800340304216064
196802982027870208
196804110937358337